000000000000000000000000000000000000000000000000000000000000000000000000000000000000000000000000000000000000000000000000000
011101100111011101010111011101110111011100111011001110111010101110111011101110111001110110011101110101011101110111011101110
010100100001000101010100010000010101010100101001000010001010101000100000101010101001010010000100010101010001000001010101010
010100100111011101110111011100110111011100101001001110111011101110111001101110111001010010011101110111011101110011011101110
010100100100000100010001010100100101000100101001001000001000100010101001001010001001010010010000010001000101010010010100010
011101110111011100010111011100100111011100111011101110111000101110111001001110111001110111011101110001011101110010011101110
000000000000000000000000000000000000000000000000000000000000000000000000000000000000000000000000000000000000000000000000000
011101100111011101010111011101110111011100111011001110111010101110111011101110111001110110011101110101011101110111011101110
010100100001000101010100010000010101010100101001000010001010101000100000101010101001010010000100010101010001000001010101010
010100100111011101110111011100110111011100101001001110111011101110111001101110111001010010011101110111011101110011011101110
010100100100000100010001010100100101000100101001001000001000100010101001001010001001010010010000010001000101010010010100010
011101110111011100010111011100100111011100111011101110111000101110111001001110111001110111011101110001011101110010011101110
000000000000000000000000000000000000000000000000000000000000000000000000000000000000000000000000000000000000000000000000000
011101100111011101010111011101110111011100111011001110111010101110111011101110111001110110011101110101011101110111011101110
010100100001000101010100010000010101010100101001000010001010101000100000101010101001010010000100010101010001000001010101010
010100100111011101110111011100110111011100101001001110111011101110111001101110111001010010011101110111011101110011011101110
010100100100000100010001010100100101000100101001001000001000100010101001001010001001010010010000010001000101010010010100010
011101110111011100010111011100100111011100111011101110111000101110111001001110111001110111011101110001011101110010011101110
000000000000000000000000000000000000000000000000000000000000000000000000000000000000000000000000000000000000000000000000000
011101100111011101010111011101110111011100111011001110111010101110111011101110111001110110011101110101011101110111011101110
010100100001000101010100010000010101010100101001000010001010101000100000101010101001010010000100010101010001000001010101010
010100100111011101110111011100110111011100101001001110111011101110111001101110111001010010011101110111011101110011011101110
010100100100000100010001010100100101000100101001001000001000100010101001001010001001010010010000010001000101010010010100010
011101110111011100010111011100100111011100111011101110111000101110111001001110111001110111011101110001011101110010011101110
000000000000000000000000000000000000000000000000000000000000000000000000000000000000000000000000000000000000000000000000000
011101100111011101010111011101110111011100111011001110111010101110111011101110111001110110011101110101011101110111011101110
010100100001000101010100010000010101010100101001000010001010101000100000101010101001010010000100010101010001000001010101010
010100100111011101110111011100110111011100101001001110111011101110111001101110111001010010011101110111011101110011011101110
010100100100000100010001010100100101000100101001001000001000100010101001001010001001010010010000010001000101010010010100010
011101110111011100010111011100100111011100111011101110111000101110111001001110111001110111011101110001011101110010011101110
000000000000000000000000000000000000000000000000000000000000000000000000000000000000000000000000000000000000000000000000000
011101100111011101010111011101110111011100111011001110111010101110111011101110111001110110011101110101011101110111011101110
010100100001000101010100010000010101010100101001000010001010101000100000101010101001010010000100010101010001000001010101010
010100100111011101110111011100110111011100101001001110111011101110111001101110111001010010011101110111011101110011011101110
010100100100000100010001010100100101000100101001001000001000100010101001001010001001010010010000010001000101010010010100010
011101110111011100010111011100100111011100111011101110111000101110111001001110111001110111011101110001011101110010011101110
000000000000000000000000000000000000000000000000000000000000000000000000000000000000000000000000000000000000000000000000000
011101100111011101010111011101110111011100111011001110111010101110111011101110111001110110011101110101011101110111011101110
010100100001000101010100010000010101010100101001000010001010101000100000101010101001010010000100010101010001000001010101010
010100100111011101110111011100110111011100101001001110111011101110111001101110111001010010011101110111011101110011011101110
010100100100000100010001010100100101000100101001001000001000100010101001001010001001010010010000010001000101010010010100010
011101110111011100010111011100100111011100111011101110111000101110111001001110111001110111011101110001011101110010011101110
000000000000000000000000000000000000000000000000000000000000000000000000000000000000000000000000000000000000000000000000000
011101100111011101010111011101110111011100111011001110111010101110111011101110111001110110011101110101011101110111011101110
010100100001000101010100010000010101010100101001000010001010101000100000101010101001010010000100010101010001000001010101010
010100100111011101110111011100110111011100101001001110111011101110111001101110111001010010011101110111011101110011011101110
010100100100000100010001010100100101000100101001001000001000100010101001001010001001010010010000010001000101010010010100010
011101110111011100010111011100100111011100111011101110111000101110111001001110111001110111011101110001011101110010011101110
000000000000000000000000000000000000000000000000000000000000000000000000000000000000000000000000000000000000000000000000000
011101100111011101010111011101110111011100111011001110111010101110111011101110111001110110011101110101011101110111011101110
010100100001000101010100010000010101010100101001000010001010101000100000101010101001010010000100010101010001000001010101010
010100100111011101110111011100110111011100101001001110111011101110111001101110111001010010011101110111011101110011011101110
010100100100000100010001010100100101000100101001001000001000100010101001001010001001010010010000010001000101010010010100010
011101110111011100010111011100100111011100111011101110111000101110111001001110111001110111011101110001011101110010011101110
000000000000000000000000000000000000000000000000000000000000000000000000000000000000000000000000000000000000000000000000000
011101100111011101010111011101110111011100111011001110111010101110111011101110111001110110011101110101011101110111011101110
010100100001000101010100010000010101010100101001000010001010101000100000101010101001010010000100010101010001000001010101010
010100100111011101110111011100110111011100101001001110111011101110111001101110111001010010011101110111011101110011011101110
010100100100000100010001010100100101000100101001001000001000100010101001001010001001010010010000010001000101010010010100010
011101110111011100010111011100100111011100111011101110111000101110111001001110111001110111011101110001011101110010011101110
000000000000000000000000000000000000000000000000000000000000000000000000000000000000000000000000000000000000000000000000000